=================2(b)=====================classifyKnn

k =

     1

Error Rate = 0.266667

CONF =

   134    21
    55    75


k =

     3

Error Rate = 0.252632

CONF =

   139    16
    56    74


k =

     5

Error Rate = 0.266667

CONF =

   140    15
    61    69


k =

     7

Error Rate = 0.259649

CONF =

   136    19
    55    75


k =

     9

Error Rate = 0.270175

CONF =

   140    15
    62    68

=================2(d)=====================classifyKnnNormalized

k =

     1

Error Rate = 0.256140

CONF =

   135    20
    53    77


k =

     3

Error Rate = 0.259649

CONF =

   145    10
    64    66


k =

     5

Error Rate = 0.245614

CONF =

   144    11
    59    71


k =

     7

Error Rate = 0.259649

CONF =

   141    14
    60    70


k =

     9

Error Rate = 0.270175

CONF =

   143    12
    65    65

================3(b)=================LinearMSE
Training Error
Error Rate = 0.000000

CONF =

   174     0
     0   132

Test Error
Error Rate = 0.322807

CONF =

   115    40
    52    78